canoes = 2;
departments = 3;

profit = [7, 10];

hours = 30;
depStaff = [60, 20, 40];

canoeHours = [
	[4.5, 2, 2],
	[5, 1, 4],
];

minLux = 0.33333333333;
maxLux = 0.66666666666;